epoch,negative_sampling_loss,dirichlet_prior_loss
1,126.421,-39053.715
2,122.884,-39066.973
3,120.003,-39080.656
4,117.520,-39094.832
5,115.470,-39109.523
6,113.727,-39124.828
7,112.173,-39140.699
8,110.714,-39157.270
9,109.389,-39174.570
10,108.074,-39192.531
11,106.746,-39211.297
12,105.467,-39230.820
13,104.128,-39251.117
14,102.720,-39272.172
15,101.231,-39294.047
16,99.703,-39316.660
17,98.109,-39340.082
18,96.461,-39364.285
19,94.727,-39389.266
20,92.905,-39415.012
21,91.053,-39441.539
22,89.155,-39468.754
23,87.170,-39496.711
24,85.190,-39525.387
25,83.135,-39554.758
26,81.132,-39584.785
27,79.070,-39615.559
28,76.947,-39646.984
29,74.927,-39679.152
30,72.870,-39711.965
31,70.722,-39745.484
32,68.832,-39779.637
33,66.859,-39814.566
34,64.959,-39850.035
35,63.124,-39886.234
36,61.351,-39923.086
37,59.664,-39960.527
38,58.026,-39998.656
39,56.486,-40037.438
40,54.998,-40076.812
41,53.583,-40116.824
42,52.340,-40157.477
43,50.976,-40198.738
44,49.813,-40240.586
45,48.786,-40283.078
46,47.723,-40326.078
47,46.819,-40369.742
48,45.896,-40413.949
49,45.077,-40458.770
50,44.320,-40504.141
51,43.634,-40550.062
52,42.977,-40596.621
53,42.355,-40643.730
54,41.812,-40691.379
55,41.300,-40739.594
56,40.891,-40788.348
57,40.403,-40837.688
58,40.003,-40887.582
59,39.676,-40937.992
60,39.308,-40988.988
61,38.986,-41040.504
62,38.714,-41092.598
63,38.431,-41145.172
64,38.222,-41198.305
65,37.972,-41251.996
66,37.792,-41306.266
67,37.585,-41360.980
68,37.368,-41416.270
69,37.266,-41472.055
70,37.086,-41528.410
71,36.939,-41585.238
72,36.802,-41642.523
73,36.656,-41700.355
74,36.531,-41758.707
75,36.449,-41817.539
76,36.378,-41876.918
77,36.282,-41936.754
78,36.172,-41997.074
79,36.098,-42057.848
80,35.975,-42119.215
81,35.898,-42181.047
82,35.843,-42243.301
83,35.742,-42306.082
84,35.670,-42369.344
85,35.621,-42433.070
86,35.546,-42497.289
87,35.478,-42562.020
88,35.424,-42627.168
89,35.380,-42692.883
90,35.311,-42758.945
91,35.260,-42825.531
92,35.192,-42892.566
93,35.141,-42960.090
94,35.100,-43028.031
95,35.010,-43096.422
96,34.981,-43165.355
97,34.923,-43234.730
98,34.855,-43304.496
99,34.803,-43374.758
100,34.755,-43445.469
101,34.701,-43516.594
102,34.660,-43588.121
103,34.647,-43660.184
104,34.545,-43732.672
105,34.523,-43805.598
106,34.492,-43878.945
107,34.436,-43952.703
108,34.407,-44026.965
109,34.352,-44101.574
110,34.279,-44176.656
111,34.260,-44252.137
112,34.194,-44328.066
113,34.186,-44404.402
114,34.120,-44481.164
115,34.073,-44558.367
116,34.071,-44635.973
117,34.004,-44713.949
118,33.975,-44792.379
119,33.907,-44871.227
120,33.873,-44950.449
121,33.811,-45030.059
122,33.821,-45110.090
123,33.769,-45190.594
124,33.719,-45271.316
125,33.651,-45352.590
126,33.623,-45434.168
127,33.589,-45516.184
128,33.571,-45598.605
129,33.499,-45681.387
130,33.447,-45764.539
131,33.425,-45848.082
132,33.387,-45932.047
133,33.370,-46016.391
134,33.321,-46101.000
135,33.290,-46186.137
136,33.230,-46271.531
137,33.188,-46357.352
138,33.144,-46443.512
139,33.149,-46530.043
140,33.089,-46616.957
141,33.060,-46704.145
142,33.030,-46791.797
143,32.994,-46879.785
144,32.972,-46968.078
145,32.910,-47056.723
146,32.889,-47145.711
147,32.877,-47235.086
148,32.809,-47324.809
149,32.764,-47414.770
150,32.752,-47505.188
151,32.733,-47595.809
152,32.694,-47686.914
153,32.650,-47778.309
154,32.610,-47869.988
155,32.576,-47962.070
156,32.543,-48054.395
157,32.544,-48147.055
158,32.503,-48240.023
159,32.436,-48333.340
160,32.424,-48427.000
161,32.406,-48520.910
162,32.377,-48615.180
163,32.327,-48709.695
164,32.298,-48804.543
165,32.289,-48899.699
166,32.240,-48995.164
167,32.229,-49091.000
168,32.157,-49187.059
169,32.179,-49283.391
170,32.172,-49380.051
171,32.109,-49476.930
172,32.076,-49574.188
173,32.045,-49671.734
174,32.011,-49769.535
175,31.999,-49867.590
176,31.960,-49966.016
177,31.911,-50064.625
178,31.940,-50163.543
179,31.906,-50262.699
180,31.851,-50362.172
181,31.860,-50461.863
182,31.808,-50561.953
183,31.782,-50662.137
184,31.792,-50762.641
185,31.734,-50863.469
186,31.691,-50964.438
187,31.679,-51065.688
188,31.664,-51167.262
189,31.664,-51268.980
190,31.603,-51371.016
191,31.596,-51473.238
192,31.603,-51575.836
193,31.534,-51678.469
194,31.498,-51781.578
195,31.525,-51884.855
196,31.527,-51988.328
197,31.475,-52092.051
198,31.433,-52195.977
199,31.437,-52300.160
200,31.403,-52404.652
201,31.357,-52509.258
202,31.318,-52614.129
203,31.307,-52719.180
204,31.278,-52824.516
205,31.283,-52930.109
206,31.282,-53035.840
207,31.230,-53141.766
208,31.263,-53247.902
209,31.193,-53354.328
210,31.179,-53460.930
211,31.141,-53567.746
212,31.164,-53674.758
213,31.135,-53781.945
214,31.120,-53889.336
215,31.128,-53997.000
216,31.077,-54104.828
217,31.044,-54212.855
218,31.007,-54321.086
219,31.021,-54429.484
220,30.988,-54538.176
221,30.994,-54646.922
222,30.946,-54755.957
223,30.943,-54865.145
224,30.936,-54974.457
225,30.915,-55083.992
226,30.882,-55193.672
227,30.855,-55303.535
228,30.846,-55413.723
229,30.853,-55523.969
230,30.840,-55634.348
231,30.815,-55744.984
232,30.821,-55855.773
233,30.790,-55966.668
234,30.767,-56077.820
235,30.769,-56189.141
236,30.746,-56300.480
237,30.714,-56412.117
238,30.718,-56523.855
239,30.688,-56635.777
240,30.667,-56747.812
241,30.654,-56860.094
242,30.669,-56972.457
243,30.627,-57084.957
244,30.596,-57197.672
245,30.597,-57310.473
246,30.626,-57423.496
247,30.582,-57536.535
248,30.562,-57649.844
249,30.513,-57763.371
250,30.549,-57876.828
251,30.523,-57990.562
252,30.531,-58104.320
253,30.515,-58218.383
254,30.504,-58332.402
255,30.478,-58446.777
256,30.449,-58561.004
257,30.494,-58675.562
258,30.457,-58790.230
259,30.436,-58904.949
260,30.407,-59019.934
261,30.408,-59134.824
262,30.400,-59249.988
263,30.408,-59365.281
264,30.366,-59480.664
265,30.366,-59596.219
266,30.332,-59711.848
267,30.348,-59827.664
268,30.356,-59943.516
269,30.305,-60059.535
270,30.321,-60175.539
271,30.277,-60291.805
272,30.323,-60408.020
273,30.306,-60524.504
274,30.274,-60641.098
275,30.260,-60757.730
276,30.247,-60874.453
277,30.212,-60991.320
278,30.214,-61108.109
279,30.200,-61225.207
280,30.187,-61342.371
281,30.207,-61459.617
282,30.172,-61576.961
283,30.174,-61694.531
284,30.180,-61812.117
285,30.144,-61929.660
286,30.112,-62047.445
287,30.147,-62165.316
288,30.155,-62283.191
289,30.125,-62401.219
290,30.098,-62519.297
291,30.100,-62637.477
292,30.084,-62755.812
293,30.095,-62874.176
294,30.082,-62992.539
295,30.077,-63111.062
296,30.048,-63229.738
297,30.072,-63348.484
298,30.062,-63467.223
299,30.040,-63586.070
300,30.036,-63705.027
301,30.038,-63824.086
302,30.048,-63943.109
303,30.004,-64062.223
304,30.006,-64181.500
305,29.983,-64300.703
306,30.004,-64420.215
307,29.944,-64539.637
308,29.939,-64659.090
309,29.980,-64778.648
310,29.923,-64898.328
311,29.933,-65017.953
312,29.939,-65137.754
313,29.947,-65257.742
314,29.917,-65377.641
315,29.946,-65497.531
316,29.903,-65617.625
317,29.905,-65737.711
318,29.923,-65857.898
319,29.924,-65978.203
320,29.902,-66098.500
321,29.881,-66218.797
322,29.907,-66339.109
323,29.848,-66459.625
324,29.840,-66580.219
325,29.813,-66700.852
326,29.843,-66821.242
327,29.836,-66941.969
328,29.885,-67062.562
329,29.815,-67183.383
330,29.830,-67304.305
331,29.778,-67425.086
332,29.849,-67545.961
333,29.777,-67666.953
334,29.772,-67788.000
335,29.790,-67909.008
336,29.805,-68030.102
337,29.786,-68151.141
338,29.763,-68272.336
339,29.803,-68393.570
340,29.736,-68514.844
341,29.735,-68636.141
342,29.755,-68757.445
343,29.715,-68879.008
344,29.732,-69000.516
345,29.790,-69121.828
346,29.725,-69243.453
347,29.730,-69364.836
348,29.715,-69486.570
349,29.750,-69608.188
350,29.712,-69729.977
351,29.758,-69851.633
352,29.730,-69973.367
353,29.701,-70095.188
354,29.700,-70217.016
355,29.664,-70338.844
356,29.689,-70460.664
357,29.664,-70582.633
358,29.691,-70704.633
359,29.674,-70826.484
360,29.631,-70948.578
361,29.635,-71070.695
362,29.595,-71192.734
363,29.602,-71314.758
364,29.626,-71437.016
365,29.627,-71559.195
366,29.618,-71681.492
367,29.618,-71803.672
368,29.649,-71925.984
369,29.604,-72048.273
370,29.600,-72170.539
371,29.614,-72292.891
372,29.604,-72415.281
373,29.612,-72537.688
374,29.580,-72660.148
375,29.551,-72782.625
376,29.586,-72905.008
377,29.560,-73027.453
378,29.553,-73150.023
379,29.588,-73272.438
380,29.531,-73395.039
381,29.555,-73517.555
382,29.539,-73640.102
383,29.561,-73762.906
384,29.582,-73885.375
385,29.557,-74008.094
386,29.538,-74130.883
387,29.567,-74253.508
388,29.498,-74376.320
389,29.532,-74498.945
390,29.468,-74621.719
391,29.512,-74744.438
392,29.483,-74867.164
393,29.510,-74989.992
394,29.497,-75112.938
395,29.493,-75235.680
396,29.476,-75358.656
397,29.484,-75481.508
398,29.501,-75604.344
399,29.477,-75727.266
400,29.473,-75850.297
401,29.517,-75973.172
402,29.466,-76096.172
403,29.486,-76219.312
404,29.453,-76342.195
405,29.444,-76465.305
406,29.468,-76588.312
407,29.447,-76711.320
408,29.475,-76834.375
409,29.444,-76957.430
410,29.441,-77080.664
411,29.436,-77203.703
412,29.444,-77326.805
413,29.432,-77449.859
414,29.429,-77573.000
415,29.394,-77696.172
416,29.431,-77819.305
417,29.403,-77942.547
418,29.410,-78065.578
419,29.392,-78188.852
420,29.393,-78311.828
421,29.414,-78435.266
422,29.391,-78558.570
423,29.408,-78681.695
424,29.393,-78804.961
425,29.393,-78928.250
426,29.429,-79051.461
427,29.405,-79174.875
428,29.407,-79298.086
429,29.379,-79421.242
430,29.390,-79544.711
431,29.349,-79668.047
432,29.396,-79791.305
433,29.358,-79914.633
434,29.354,-80037.938
435,29.349,-80161.328
436,29.342,-80284.719
437,29.336,-80408.141
438,29.354,-80531.477
439,29.313,-80654.898
440,29.279,-80778.289
441,29.330,-80901.781
442,29.320,-81025.125
443,29.361,-81148.445
444,29.318,-81272.000
445,29.301,-81395.398
446,29.305,-81518.922
447,29.317,-81642.359
448,29.273,-81765.727
449,29.299,-81889.289
450,29.303,-82012.797
451,29.277,-82136.266
452,29.330,-82259.852
453,29.306,-82383.289
454,29.313,-82506.773
455,29.297,-82630.289
456,29.307,-82753.906
457,29.303,-82877.375
458,29.278,-83000.891
459,29.265,-83124.586
460,29.250,-83247.992
461,29.291,-83371.789
462,29.269,-83495.234
463,29.287,-83618.766
464,29.245,-83742.383
465,29.221,-83865.891
466,29.262,-83989.414
467,29.243,-84113.047
468,29.230,-84236.617
469,29.203,-84360.234
470,29.241,-84484.078
471,29.247,-84607.547
472,29.206,-84731.156
473,29.217,-84854.906
474,29.255,-84978.523
475,29.199,-85102.047
476,29.253,-85225.734
477,29.251,-85349.500
478,29.214,-85473.148
479,29.199,-85596.797
480,29.235,-85720.477
481,29.192,-85844.227
482,29.280,-85967.805
483,29.219,-86091.555
484,29.210,-86215.109
485,29.183,-86338.844
486,29.182,-86462.523
487,29.179,-86586.273
488,29.192,-86709.906
489,29.162,-86833.742
490,29.181,-86957.398
491,29.153,-87081.164
492,29.204,-87204.773
493,29.169,-87328.383
494,29.183,-87452.211
495,29.157,-87575.875
496,29.140,-87699.773
497,29.129,-87823.477
498,29.193,-87947.055
499,29.168,-88070.977
500,29.172,-88194.664
